data/pga_contour_raster.tif
NCOLS 259
NROWS 180
XLLCORNER 14.7
YLLCORNER 45
DX 0.0099742587
DY 0.01
NODATA_VALUE -9999
[rows 78 to 103 of 180, columns 59 to 117 of 259]
0.032463626 0.033051065 0.033638504 0.034225943 0.034832608 0.03541252 0.03598749 0.03656246 0.037137429 0.037712399 0.038287369 0.038862339 0.039437309 0.04 0.04 0.04 0.04 0.04 0.04 0.04 0.04 0.04 0.040777378 0.042842169 0.04490696 0.046971752 0.048958617 0.050800344 0.053170655 0.055540966 0.057911278 0.06 0.06 0.06 0.06 0.06 0.06 0.061578555 0.066465839 0.072384921 0.078111179 0.081645544 0.085859219 0.089811125 0.095408357 0.1 0.10489503 0.1098616 0.12 0.12399545 0.1276317 0.13268819 0.13858726 0.14 0.14261446 0.14824854 0.14919442 0.15831384 0.16042631
0.032505985 0.033101259 0.033696533 0.034291807 0.034887081 0.035481648 0.036069087 0.036656526 0.037253366 0.037828336 0.038403306 0.038978276 0.039553246 0.04 0.04 0.04 0.04 0.04 0.04 0.04 0.04 0.04 0.041278637 0.043343428 0.04540822 0.047473011 0.049537802 0.05159031 0.053120262 0.055490573 0.057860884 0.06 0.06 0.06 0.06 0.06 0.061942921 0.069333582 0.071522729 0.076479135 0.08 0.088122476 0.092910826 0.096812561 0.1 0.10307237 0.10919403 0.11566868 0.1222522 0.12750785 0.13137771 0.13646047 0.14 0.14106315 0.15283723 0.15718563 0.16 0.17411525 0.18028447
0.032542162 0.033137436 0.033732709 0.034327983 0.034923257 0.035518531 0.036113805 0.036709079 0.037304353 0.037899627 0.038494901 0.039087109 0.039669182 0.04 0.04 0.04 0.04 0.04 0.04 0.04 0.04 0.04 0.041779896 0.043844687 0.045909479 0.04797427 0.050039061 0.052103853 0.054168644 0.055741568 0.057810491 0.06 0.06 0.06 0.062507138 0.069786421 0.076302384 0.078149551 0.08 0.08 0.08 0.092065392 0.099962432 0.1 0.1 0.10422121 0.11123268 0.11806312 0.12452187 0.13020844 0.13492569 0.13975034 0.14502504 0.1521933 0.16 0.16 0.17077053 0.18439734 0.18823726
0.032578338 0.033173612 0.033768886 0.03436416 0.034959434 0.035554708 0.036149981 0.036745255 0.037340529 0.037935803 0.038531077 0.039101463 0.039594531 0.04 0.04 0.04 0.04 0.04 0.04 0.04 0.04 0.040216364 0.042281155 0.044345947 0.046410738 0.048475529 0.050540321 0.052605112 0.054669903 0.056734694 0.058373261 0.06 0.06 0.062428463 0.064717407 0.072889614 0.08 0.08 0.08 0.08 0.081004024 0.092363209 0.1 0.1 0.1 0.10664411 0.11367246 0.12 0.12558526 0.13323956 0.13947911 0.14508183 0.15127699 0.16 0.1603931 0.16730253 0.18274372 0.19201598 0.19619367
0.032614514 0.033209788 0.033805062 0.034400336 0.03499561 0.035590884 0.036186158 0.036781432 0.037376706 0.037879098 0.038366488 0.038867271 0.039368055 0.039868838 0.04 0.04 0.04 0.04 0.04 0.04 0.04 0.040138985 0.042265738 0.044392491 0.046519244 0.048645997 0.050772749 0.052899502 0.055026255 0.057153008 0.059279761 0.06 0.060951375 0.064396914 0.06807967 0.070975014 0.079147222 0.08 0.08 0.082052223 0.087861173 0.095419502 0.1 0.1 0.10401301 0.11015132 0.12 0.12 0.12471979 0.13352251 0.14 0.14710105 0.15420001 0.16237865 0.17036874 0.17633835 0.18948193 0.20027337 0.20609633
0.03265069 0.033245964 0.033841238 0.034436512 0.035031786 0.03562706 0.036178437 0.036656733 0.037138445 0.037639228 0.038140012 0.038640795 0.039141578 0.039642362 0.04 0.04 0.04 0.04 0.04 0.04 0.04 0.04 0.042564251 0.044867258 0.047170265 0.049473271 0.051776278 0.054079285 0.056382292 0.058685299 0.06 0.06 0.06275899 0.066204529 0.069650068 0.073391647 0.077232622 0.08 0.082250543 0.087724114 0.093530405 0.099339356 0.100198 0.10428905 0.1083801 0.11269942 0.12 0.1234594 0.12837179 0.13452223 0.14274585 0.15030886 0.15611299 0.16502784 0.17678206 0.18476987 0.19844201 0.20686889 0.2144332
0.032686866 0.03328214 0.033877414 0.034472688 0.034956072 0.035434369 0.035912665 0.036411185 0.036911969 0.037412752 0.037913535 0.038414319 0.03894066 0.039473002 0.04 0.04 0.04 0.04 0.04 0.04 0.04 0.041745009 0.043960001 0.046635492 0.048938498 0.051241505 0.053544512 0.055847519 0.058150526 0.06 0.06 0.061121066 0.064566605 0.068012144 0.071457683 0.074903222 0.078703624 0.08 0.081814979 0.087272891 0.092730804 0.098188717 0.10354834 0.10865614 0.11274719 0.11683824 0.12069104 0.12612837 0.13096596 0.13666826 0.14401099 0.1526316 0.16170032 0.17415951 0.1850608 0.1960618 0.20463135 0.21340396 0.22179957
0.032723042 0.03325541 0.033733707 0.034212004 0.034690301 0.035183142 0.035683926 0.036184709 0.036685492 0.037186276 0.037715734 0.038248076 0.038780418 0.03931276 0.039845102 0.04 0.04 0.04 0.04 0.040043861 0.042189424 0.044191037 0.046192649 0.048194262 0.050706732 0.053009739 0.055312746 0.057615753 0.059918759 0.06 0.06 0.061510606 0.065286048 0.069180085 0.073027369 0.076570496 0.08 0.08 0.080221337 0.08567925 0.091137163 0.096517754 0.1009041 0.1074494 0.11396045 0.11937798 0.12151799 0.12816887 0.13424597 0.13908356 0.14468055 0.15336922 0.16438819 0.18145765 0.19255991 0.20234385 0.20991652 0.21842749 0.23287268
0.032511342 0.032989639 0.033467936 0.033955099 0.034455883 0.034956666 0.035457449 0.035958465 0.036490807 0.037023149 0.037555491 0.038087834 0.038620176 0.039152518 0.03968486 0.04 0.04 0.04 0.04 0.041247498 0.043601769 0.045956039 0.048310309 0.050640289 0.052641901 0.054727443 0.05708098 0.059383986 0.06 0.06 0.06 0.061265648 0.06504109 0.068816532 0.072591975 0.076367417 0.08 0.08 0.08 0.084085609 0.09024265 0.097439771 0.1 0.10276116 0.10894908 0.11565928 0.1218917 0.12907286 0.13620427 0.14 0.14614295 0.15447853 0.16642964 0.18343724 0.19508092 0.20360155 0.21304781 0.22389121 0.24237746
0.032245571 0.032727056 0.03322784 0.033728623 0.034229406 0.034733539 0.035265881 0.035798223 0.036330565 0.036862907 0.037395249 0.037927591 0.038459934 0.038992276 0.039524618 0.04 0.04 0.04 0.04 0.04105389 0.043595608 0.046137326 0.048679043 0.051220761 0.053762479 0.056304197 0.058845915 0.06 0.06 0.06 0.06 0.061020689 0.064796132 0.068571574 0.072347017 0.075113077 0.078638385 0.08 0.08 0.081947523 0.093548197 0.1 0.1 0.1 0.10478277 0.1127781 0.12 0.12442802 0.13557347 0.14 0.14689111 0.15397409 0.16396839 0.18306442 0.19380323 0.2 0.21397532 0.23027378 0.24657622
0.031999797 0.03250058 0.033001363 0.033508612 0.034040954 0.034573297 0.035105639 0.035637981 0.036170323 0.036702665 0.037235007 0.037767349 0.038299692 0.038832034 0.039364376 0.039896718 0.04 0.04 0.04 0.040442397 0.042984115 0.045525833 0.048067551 0.050609269 0.053150987 0.055498427 0.056950417 0.058800059 0.06 0.06 0.06 0.060775731 0.064551174 0.068167161 0.070252639 0.072366266 0.077150817 0.08 0.08 0.08 0.089813213 0.094101611 0.099595412 0.1 0.10209149 0.1094867 0.11688191 0.12 0.13460572 0.14 0.14557223 0.15351805 0.16408961 0.18355298 0.19426633 0.20276123 0.21864338 0.23115566 0.24495294
0.031773321 0.032283686 0.032816028 0.03334837 0.033880712 0.034413055 0.034945397 0.035477739 0.036010081 0.036542423 0.037074765 0.037607107 0.038139449 0.038671792 0.039204134 0.039736476 0.04 0.04 0.04 0.04 0.042372622 0.04491434 0.047456058 0.049855704 0.051564622 0.052627553 0.054298567 0.05621308 0.058431376 0.059530747 0.06 0.060530773 0.063355547 0.065392201 0.067637736 0.070878698 0.075663248 0.08 0.08 0.08 0.081161511 0.086956702 0.093331302 0.1 0.10173128 0.10886298 0.11617522 0.12 0.12733537 0.14044184 0.14824466 0.15580395 0.16967264 0.18665883 0.19689316 0.20792799 0.21944229 0.23285474 0.24
0.031591102 0.032123444 0.032655786 0.033188128 0.03372047 0.034252812 0.034785155 0.035317497 0.035849839 0.036382181 0.036914523 0.037446865 0.037979207 0.038511549 0.039022746 0.039483104 0.039867338 0.04 0.04 0.04 0.04176113 0.044212981 0.046052704 0.047471041 0.048543048 0.049797075 0.051711588 0.053902073 0.055393842 0.056439296 0.05748475 0.058888719 0.060531763 0.062824123 0.064606579 0.069391129 0.074072451 0.08 0.08 0.08 0.080989799 0.087163101 0.094061304 0.1 0.10051494 0.10894736 0.1162887 0.12096406 0.13086509 0.14011924 0.14797113 0.15541657 0.16929271 0.18583553 0.19616915 0.20694858 0.21536681 0.22041884 0.21844668
0.03143086 0.031963202 0.032495544 0.033027886 0.033560228 0.03409257 0.034624912 0.035157255 0.035689597 0.036221939 0.036741877 0.037202235 0.037662593 0.038122951 0.038571003 0.0389583 0.039328629 0.039698958 0.04 0.04 0.040409981 0.042249704 0.04337746 0.044449468 0.045531119 0.047210096 0.049339518 0.050927693 0.05230239 0.053347844 0.054663971 0.056555536 0.058528151 0.06 0.062461248 0.065423799 0.070597495 0.079753377 0.08 0.08 0.082961542 0.089454231 0.095017837 0.1 0.1 0.1049229 0.11755415 0.12 0.12828605 0.13469573 0.14311333 0.15219568 0.16325294 0.18056122 0.19098826 0.2 0.2002264 0.19331326 0.19746349
0.031270618 0.03180296 0.032335302 0.032867644 0.033399986 0.033932328 0.034461008 0.034921366 0.035381724 0.035842082 0.03630244 0.036762798 0.037223156 0.03765514 0.038049259 0.038419588 0.038789917 0.039160246 0.039530575 0.039900904 0.04 0.04 0.040355887 0.04134629 0.042708604 0.044776963 0.046649878 0.047944212 0.049210939 0.050439222 0.052330686 0.054700912 0.057532406 0.06 0.06 0.06 0.065388907 0.072707695 0.079654977 0.08 0.084933285 0.091630156 0.097674769 0.1 0.10055542 0.10618155 0.11656911 0.12 0.12 0.12919379 0.14010532 0.15007185 0.1601356 0.17468005 0.18110179 0.17938996 0.16 0.16780576 0.18106748
0.031110375 0.031642718 0.03217506 0.032640496 0.033100855 0.033561213 0.034021571 0.034481929 0.034942287 0.035402645 0.035863003 0.036323361 0.036739277 0.037140218 0.037510547 0.037880876 0.038251205 0.038621534 0.038991863 0.039362192 0.039732521 0.04 0.04 0.04 0.040214408 0.042087323 0.043424009 0.045074033 0.046214473 0.048293712 0.050873673 0.053705168 0.056536662 0.059368157 0.06 0.06 0.060827341 0.06814226 0.075457179 0.079489197 0.086093083 0.093058605 0.1 0.1 0.10368481 0.11022071 0.1175243 0.12 0.12093059 0.12807845 0.13680115 0.14624464 0.15667981 0.16675769 0.17073588 0.14906542 0.15433237 0.16873111 0.19659653
0.030819985 0.031280343 0.031740701 0.032201059 0.032661417 0.033121775 0.033582133 0.034042491 0.03450285 0.034963208 0.035423566 0.035823414 0.036231177 0.036601506 0.036971835 0.037342164 0.037712493 0.038082822 0.038453151 0.038854194 0.039311347 0.039873313 0.04 0.04 0.04 0.04 0.040367532 0.041988762 0.044324132 0.047046435 0.049877929 0.052709424 0.055540918 0.058372413 0.06 0.06 0.060725092 0.068040011 0.072381728 0.07714989 0.08312436 0.090665649 0.097912531 0.10027829 0.10681419 0.11312275 0.1185555 0.12 0.1222868 0.12871266 0.13463516 0.14303711 0.15297303 0.16 0.14878491 0.14 0.14966264 0.17221292 0.19418925
0.030380548 0.030840906 0.031301264 0.031761622 0.03222198 0.032682338 0.033142696 0.033603054 0.034063412 0.03452377 0.034951807 0.035322136 0.035692465 0.036062794 0.036433123 0.036803452 0.037173781 0.037552614 0.03798928 0.038425947 0.038952186 0.039514152 0.04 0.04 0.04 0.04 0.04 0.040387702 0.043219196 0.046050691 0.048882185 0.05171368 0.054545174 0.057376668 0.06 0.06 0.060622843 0.065490537 0.070460987 0.075350602 0.079762711 0.08660204 0.093766866 0.10058491 0.10563956 0.1106585 0.11637585 0.12 0.12254494 0.1289708 0.13532264 0.14 0.14273036 0.146213 0.14 0.14 0.16 0.16020208 0.17296656
0.029941111 0.030401469 0.030861827 0.031322185 0.031782543 0.032242901 0.032703259 0.033163617 0.033612383 0.034042766 0.034413095 0.034783424 0.035153753 0.035524082 0.035894411 0.03626474 0.0366877 0.037124367 0.037561033 0.038031058 0.038593024 0.039154991 0.039716957 0.04 0.04 0.04 0.04 0.04 0.042428768 0.045261659 0.048094549 0.05092744 0.053760331 0.056581825 0.059377984 0.06 0.06 0.063425445 0.068207855 0.07271684 0.077520161 0.083346692 0.090063466 0.096394727 0.1019299 0.10736099 0.11293316 0.11794482 0.12251253 0.12784954 0.13480454 0.14 0.14 0.14 0.14 0.14427693 0.1562294 0.16 0.16305632
0.029501674 0.029962032 0.03042239 0.030882748 0.031343106 0.031803464 0.032263822 0.03269652 0.033133725 0.033504054 0.033874383 0.034244712 0.034615041 0.03498537 0.03538612 0.035822786 0.036259453 0.036696119 0.037132785 0.037671897 0.038233863 0.038795829 0.039357795 0.039919762 0.04 0.04 0.04 0.04 0.041706153 0.044539044 0.047371934 0.050188542 0.052984701 0.05578086 0.058577019 0.06 0.06 0.061307779 0.066415879 0.07147853 0.075551096 0.07902997 0.084454314 0.090744544 0.096999097 0.10270309 0.10810943 0.11319205 0.11838522 0.12534133 0.13201985 0.13647482 0.14 0.14 0.14 0.14 0.14967863 0.15992796 0.16684747
0.029062237 0.029522595 0.029982953 0.030443311 0.030903669 0.031364027 0.031780657 0.032224684 0.032595013 0.032965342 0.033335671 0.033706 0.03408454 0.034521206 0.034957872 0.035394539 0.035831205 0.036267872 0.036750769 0.037312735 0.037874702 0.038436668 0.038998634 0.0395606 0.04 0.04 0.04 0.04 0.040983538 0.04379526 0.046591419 0.049387578 0.052183737 0.054983927 0.057620029 0.06 0.06 0.060731081 0.064803647 0.068876213 0.072640219 0.076061868 0.079937699 0.086550793 0.092541107 0.098253395 0.10341636 0.10712662 0.11378719 0.12124762 0.12532205 0.13076653 0.13732386 0.14 0.14 0.14329532 0.1519441 0.15981027 0.17025038
0.028622799 0.029083157 0.029543516 0.030003874 0.030464232 0.030916014 0.031315642 0.031685972 0.032056301 0.03242663 0.032796959 0.033219626 0.033656292 0.034092959 0.034529625 0.034966291 0.035402958 0.035839624 0.036391608 0.036953574 0.03751554 0.038077506 0.038639473 0.039201439 0.039763405 0.04 0.04 0.04 0.04 0.042033489 0.044575041 0.047116594 0.049658146 0.052199699 0.054818893 0.05738126 0.06 0.06 0.06220133 0.066273745 0.069710274 0.073452863 0.077556166 0.082406722 0.088572513 0.09436649 0.097340197 0.099811193 0.10336366 0.11088408 0.11765714 0.12278305 0.12886432 0.13682008 0.14 0.14375935 0.15439581 0.16 0.17115122
0.028183362 0.02864372 0.029104078 0.029564436 0.030036272 0.030406601 0.030776931 0.03114726 0.031517589 0.031918046 0.032354712 0.032791378 0.033228045 0.033664711 0.034101378 0.034538044 0.03497471 0.03547048 0.036032446 0.036594413 0.037156379 0.037718345 0.038280311 0.038842278 0.039404244 0.03996621 0.04 0.04 0.04 0.04 0.041696264 0.044237817 0.046779369 0.049339143 0.051782962 0.054482304 0.057727492 0.06 0.06 0.06331032 0.066983284 0.070766783 0.075041806 0.079259781 0.084272385 0.087671234 0.085953045 0.09002242 0.095111022 0.10107377 0.10840891 0.11684252 0.12230561 0.12691414 0.13364962 0.14196181 0.1508122 0.15675197 0.16133234
0.027743925 0.028204283 0.028653764 0.029127231 0.02949756 0.02986789 0.030238219 0.030616465 0.031053132 0.031489798 0.031926465 0.032363131 0.032799797 0.033236464 0.03367313 0.034109796 0.034549352 0.035111319 0.035673285 0.036235251 0.036797217 0.037359184 0.03792115 0.038483116 0.039045082 0.039607049 0.04 0.04 0.04 0.04 0.04 0.04135904 0.043900592 0.046184665 0.049325062 0.053572393 0.057819725 0.06 0.06 0.06006391 0.064179776 0.068372812 0.0725172 0.074287926 0.079272754 0.08 0.08 0.085378551 0.091146158 0.096700343 0.10427703 0.11263698 0.11628575 0.11956975 0.12561513 0.13335769 0.13928725 0.14491611 0.150392
0.027304488 0.0277379 0.02821819 0.028588519 0.028958849 0.029329178 0.029751552 0.030188218 0.030624884 0.031061551 0.031498217 0.031934883 0.03237155 0.032808216 0.033244883 0.033681549 0.034190191 0.034752157 0.035314124 0.03587609 0.036438056 0.037000022 0.037561989 0.038123955 0.038685921 0.039247887 0.039809854 0.04 0.04 0.04 0.04 0.04 0.040911108 0.045105391 0.049299673 0.053493956 0.057688239 0.06 0.06 0.06 0.061630755 0.065613977 0.067403586 0.069082371 0.074741308 0.08 0.08 0.080419065 0.08597325 0.091761023 0.10043969 0.10697383 0.11015393 0.11356445 0.11796629 0.12430295 0.12943514 0.13508046 0.1397398
0.02686998 0.027309149 0.027679478 0.028049808 0.028449971 0.028886638 0.029323304 0.029759971 0.030196637 0.030633303 0.03106997 0.031506636 0.031943302 0.032379969 0.032816635 0.033269063 0.03383103 0.034392996 0.034954962 0.035516928 0.036078895 0.036640861 0.037202827 0.037764793 0.03832676 0.038888726 0.039694501 0.04 0.04 0.04 0.04 0.04 0.04 0.04260969 0.047217222 0.05221392 0.05571839 0.057649877 0.059581363 0.06 0.06 0.060133521 0.06192313 0.064276868 0.070413317 0.077137555 0.08 0.08 0.080800342 0.087569023 0.094146307 0.10065516 0.10404318 0.10779045 0.1116769 0.11597456 0.12024984 0.12508849 0.13112263
