data/pga_contour_raster.tif
NCOLS 259
NROWS 180
XLLCORNER 14.7
YLLCORNER 45
DX 0.0099742587
DY 0.01
NODATA_VALUE -9999
[rows 104 to 129 of 180, columns 177 to 235 of 259]
0.051857066 0.050692869 0.049305582 0.047874449 0.046685079 0.045495708 0.044315177 0.043165478 0.042440435 0.041533361 0.040653411 0.04 0.04 0.04 0.04 0.04 0.04 0.039685093 0.039329136 0.038973179 0.038617222 0.038261264 0.037905307 0.03754935 0.037193392 0.036837435 0.036481478 0.03612552 0.035769563 0.035413606 0.035057648 0.034701691 0.034345734 0.033989777 0.033639801 0.033283094 0.032926387 0.03256968 0.032212972 0.031856265 0.031438869 0.031015865 0.030592861 0.030169857 0.029746853 0.029323849 0.028900845 0.028477841 0.028054837 0.027631833 0.027208829 0.026785825 0.026362821 0.025939817 0.025516813 0.025093809 0.024670805 0.024247801 0.023824797
0.050742687 0.04957849 0.048414293 0.047250095 0.045869523 0.044580863 0.043391492 0.042202122 0.041017088 0.040393555 0.04 0.04 0.04 0.04 0.04 0.04 0.039793322 0.039437365 0.039081408 0.03872545 0.038369493 0.038013536 0.037657578 0.037301621 0.036945664 0.036589706 0.036233749 0.035877792 0.035521835 0.035165877 0.03480992 0.034453963 0.034098005 0.033742048 0.033386091 0.033030133 0.032679461 0.032322754 0.031966047 0.031609339 0.031252632 0.030895925 0.030493981 0.030070977 0.029647973 0.029224969 0.028801965 0.028378961 0.027955957 0.027532953 0.02710995 0.026686946 0.026263942 0.025840938 0.025417934 0.02499493 0.024571926 0.024148922 0.023725918
0.049628309 0.048464112 0.047299914 0.046135717 0.044971519 0.043807322 0.042476647 0.041287277 0.040097906 0.04 0.04 0.04 0.04 0.04 0.04 0.039901551 0.039545594 0.039189636 0.038833679 0.038477722 0.038121764 0.037765807 0.03740985 0.037053892 0.036697935 0.036341978 0.035986021 0.035630063 0.035274106 0.034918149 0.034562191 0.034206234 0.033850277 0.033494319 0.033138362 0.032782405 0.032426447 0.032075828 0.031719121 0.031362413 0.031005706 0.030648999 0.030292292 0.029935585 0.029549094 0.02912609 0.028703086 0.028280082 0.027857078 0.027434074 0.02701107 0.026588066 0.026165062 0.025742058 0.025319054 0.02489605 0.024473046 0.024050042 0.023627038
0.04851393 0.047349733 0.046185536 0.045021338 0.043857141 0.042692944 0.041528746 0.040364549 0.04 0.04 0.04 0.04 0.04 0.04 0.04 0.03964074 0.039302013 0.038942445 0.03858595 0.038229993 0.037874036 0.037518079 0.037162121 0.036806164 0.036450207 0.036094249 0.035738292 0.035382335 0.035026377 0.03467042 0.034314463 0.033958505 0.033602548 0.033246591 0.032890634 0.032534676 0.032178719 0.031822762 0.031466804 0.031115488 0.03075878 0.030402073 0.030045366 0.029688659 0.029331952 0.028975245 0.028604206 0.028181202 0.027758198 0.027335194 0.02691219 0.026489186 0.026066182 0.025643178 0.025220174 0.02479717 0.024374166 0.023951162 0.023528158
0.04727906 0.046235355 0.045071157 0.04390696 0.042742763 0.041578565 0.040414368 0.04 0.04 0.04 0.04 0.04 0.04 0.04 0.039782218 0.039392987 0.039003757 0.038705728 0.03834616 0.037986592 0.037627024 0.03727035 0.036914393 0.036558435 0.036202478 0.035846521 0.035490563 0.035134606 0.034778649 0.034422691 0.034066734 0.033710777 0.03335482 0.032998862 0.032642905 0.032286948 0.03193099 0.031575033 0.031219076 0.030863118 0.030511855 0.030155147 0.02979844 0.029441733 0.029085026 0.028728319 0.028371612 0.028014905 0.027658197 0.027236314 0.026813311 0.026390307 0.025967303 0.025544299 0.025121295 0.024698291 0.024275287 0.023852283 0.023429279
0.046095255 0.045081072 0.043956779 0.042792581 0.041628384 0.040464187 0.04 0.04 0.04 0.04 0.04 0.04 0.04 0.039923696 0.039534465 0.039145235 0.038756004 0.038369175 0.03808615 0.037749876 0.037390308 0.03703074 0.036671172 0.036311604 0.035954749 0.035598792 0.035242835 0.034886878 0.03453092 0.034174963 0.033819006 0.033463048 0.033107091 0.032751134 0.032395176 0.032039219 0.031683262 0.031327304 0.030971347 0.03061539 0.030259433 0.029903475 0.029551514 0.029194807 0.0288381 0.028481393 0.028124686 0.027767979 0.027411272 0.027054564 0.026697857 0.026291427 0.025868423 0.025445419 0.025022415 0.024599411 0.024176407 0.023753403 0.023330399
0.045226833 0.04389904 0.0428424 0.041678203 0.040514006 0.04 0.04 0.04 0.04 0.04 0.04 0.04 0.04 0.039675944 0.039286713 0.038897482 0.038508252 0.038119021 0.037749559 0.037466535 0.037153591 0.036794023 0.036434455 0.036074887 0.035715319 0.035355751 0.034996183 0.034639149 0.034283192 0.033927234 0.033571277 0.03321532 0.032859362 0.032503405 0.032147448 0.03179149 0.031435533 0.031079576 0.030723619 0.030367661 0.030011704 0.029655747 0.029299789 0.028946707 0.028591174 0.028234467 0.02787776 0.027521053 0.027164346 0.026807639 0.026450931 0.026094224 0.025737517 0.025346539 0.024923535 0.024500531 0.024077527 0.023654523 0.023231519
0.044427351 0.043030617 0.041707473 0.040563824 0.04 0.04 0.04 0.04 0.04 0.04 0.04 0.04 0.039817422 0.039428191 0.039038961 0.03864973 0.0382605 0.037871269 0.037482038 0.037129944 0.036846919 0.036557307 0.036197739 0.035838171 0.035478603 0.035119035 0.034759467 0.034399899 0.034040331 0.033680763 0.033323548 0.032967591 0.032611634 0.032255677 0.031899719 0.031543762 0.031187805 0.030831847 0.03047589 0.030119933 0.029763975 0.029408018 0.029052061 0.028696103 0.028340146 0.027987541 0.027630834 0.027274127 0.02691742 0.026560713 0.026204006 0.025847298 0.025490591 0.025133884 0.024777177 0.024401652 0.023978648 0.023555644 0.02313264
0.043658171 0.042292675 0.040927178 0.04 0.04 0.04 0.04 0.04 0.04 0.04 0.04 0.04 0.039579496 0.039180439 0.038791208 0.038401978 0.038012747 0.037623517 0.037234286 0.036845056 0.036510328 0.036227304 0.035944279 0.035601454 0.035241886 0.034882318 0.03452275 0.034163182 0.033803614 0.033444046 0.033084478 0.03272491 0.032365342 0.032007948 0.031651991 0.031296033 0.030940076 0.030584119 0.030228161 0.029872204 0.029516247 0.029160289 0.028804332 0.028448375 0.028092418 0.02773646 0.027380503 0.027027201 0.026670494 0.026313787 0.02595708 0.025600373 0.025243665 0.024886958 0.024530251 0.024173544 0.023816837 0.023456764 0.02303376
0.042891833 0.041526337 0.04016084 0.04 0.04 0.04 0.04 0.04 0.04 0.04 0.04 0.039792448 0.039368926 0.038945404 0.038543456 0.038154225 0.037764995 0.037375764 0.036986534 0.036597303 0.036208073 0.035890713 0.035607688 0.035324664 0.035005169 0.034645601 0.034286033 0.033926465 0.033566897 0.033207329 0.032847761 0.032488193 0.032128625 0.031769057 0.031409489 0.031049921 0.030692347 0.03033639 0.029980433 0.029624476 0.029268518 0.028912561 0.028556604 0.028200646 0.027844689 0.027488732 0.027132774 0.026776817 0.026423568 0.026066861 0.025710154 0.025353447 0.02499674 0.024640032 0.024283325 0.023926618 0.023569911 0.023213204 0.022856497
0.042125495 0.040759999 0.04 0.04 0.04 0.04 0.04 0.04 0.04 0.04 0.04 0.039581878 0.039158357 0.038734835 0.038311313 0.037906473 0.037517242 0.037128012 0.036738781 0.036349551 0.03596032 0.03557109 0.035271097 0.034988073 0.034705048 0.034408885 0.034049317 0.033689749 0.033330181 0.032970613 0.032611045 0.032251477 0.031891909 0.031532341 0.031172773 0.030813205 0.030453637 0.030094069 0.029734501 0.029376747 0.02902079 0.028664832 0.028308875 0.027952918 0.02759696 0.027241003 0.026885046 0.026529088 0.026173131 0.025817174 0.025463228 0.025106521 0.024749814 0.024393107 0.024036399 0.023679692 0.023322985 0.022966278 0.022609571
0.041359157 0.04 0.04 0.04 0.04 0.04 0.04 0.04 0.04 0.04 0.039767782 0.039366296 0.038947787 0.038524265 0.038100744 0.037677222 0.03726949 0.036880259 0.036491029 0.036101798 0.035712568 0.035323337 0.034934506 0.034651482 0.034368457 0.034085433 0.033802408 0.033453032 0.033093464 0.032733896 0.032374328 0.03201476 0.031655192 0.031295624 0.030936056 0.030576488 0.03021692 0.029857352 0.029497784 0.029138216 0.028778648 0.02841908 0.028061146 0.027705189 0.027349232 0.026993275 0.026637317 0.02628136 0.025925403 0.025569445 0.025213488 0.024859595 0.024502888 0.024146181 0.023789474 0.023432766 0.023076059 0.022719352 0.022362645
0.040592819 0.04 0.04 0.04 0.04 0.04 0.04 0.04 0.04 0.039931158 0.039529672 0.039128185 0.038726699 0.038313696 0.037890174 0.037466652 0.037043131 0.036632507 0.036243276 0.035854046 0.035464815 0.035075585 0.034686354 0.034314891 0.034031866 0.033748842 0.033465817 0.033182792 0.032856747 0.032497179 0.032137611 0.031778043 0.031418475 0.031058907 0.030699339 0.030339771 0.029980203 0.029620635 0.029261067 0.028901499 0.028541931 0.028182363 0.027822795 0.027463227 0.027103659 0.026745546 0.026389589 0.026033631 0.025677674 0.025321717 0.024965759 0.024609802 0.024253845 0.023899255 0.023542548 0.023185841 0.022829133 0.022472426 0.022115719
0.04 0.04 0.04 0.04 0.04 0.04 0.04 0.04 0.04 0.039693048 0.039291561 0.038890075 0.038488589 0.038087102 0.037679605 0.037256083 0.036832561 0.036409039 0.035995524 0.035606293 0.035217063 0.034827832 0.034438602 0.034049371 0.033695275 0.033412251 0.033129226 0.032846201 0.032563177 0.032260463 0.031900895 0.031541327 0.031181759 0.030822191 0.030462623 0.030103055 0.029743487 0.029383919 0.029024351 0.028664783 0.028305215 0.027945647 0.027586079 0.027226511 0.026866943 0.026507375 0.026147807 0.025788239 0.025429945 0.025073988 0.024718031 0.024362074 0.024006116 0.023650159 0.023295622 0.022938915 0.022582208 0.0222255 0.021868793
0.04 0.04 0.04 0.04 0.04 0.04 0.04 0.04 0.039856424 0.039454937 0.039053451 0.038651964 0.038250478 0.037848992 0.037447505 0.037045513 0.036621992 0.03619847 0.035774948 0.035358541 0.03496931 0.03458008 0.034190849 0.033801619 0.033412388 0.03307566 0.032792635 0.032509611 0.032226586 0.031943561 0.031660537 0.03130461 0.030945042 0.030585474 0.030225906 0.029866338 0.02950677 0.029147202 0.028787634 0.028428066 0.028068498 0.02770893 0.027349362 0.026989794 0.026630226 0.026270658 0.02591109 0.025551522 0.025191954 0.024832386 0.024472818 0.024114345 0.023758388 0.02340243 0.023046473 0.022690516 0.022335282 0.021978575 0.021621867
0.04 0.04 0.04 0.04 0.04 0.04 0.04 0.03996996 0.039618313 0.039216827 0.03881534 0.038413854 0.038012368 0.037610881 0.037209395 0.036807908 0.036406422 0.0359879 0.035564379 0.035140857 0.034721558 0.034332328 0.033943097 0.033553866 0.033164636 0.032775405 0.032456044 0.03217302 0.031889995 0.03160697 0.031323946 0.031040921 0.030708325 0.030348757 0.029989189 0.029629621 0.029270053 0.028910485 0.028550917 0.028191349 0.027831781 0.027472213 0.027112645 0.026753077 0.02639351 0.026033942 0.025674374 0.025314806 0.024955238 0.02459567 0.024236102 0.023876534 0.023516966 0.023157398 0.022798744 0.022442787 0.02208683 0.021731649 0.021374942
0.04 0.04 0.04 0.04 0.04 0.04 0.039943078 0.039559299 0.039212707 0.038941529 0.03857723 0.038175743 0.037774257 0.037372771 0.036971284 0.036569798 0.036168312 0.035766825 0.035353809 0.034930287 0.034506766 0.034084575 0.033695345 0.033306114 0.032916884 0.032527653 0.032138422 0.031836429 0.031553404 0.031270379 0.030987355 0.03070433 0.030421306 0.030112041 0.029752473 0.029392905 0.029033337 0.028673769 0.028314201 0.027954633 0.027595065 0.027235497 0.026875929 0.026516361 0.026156793 0.025797225 0.025437657 0.025078089 0.024718521 0.024358953 0.023999385 0.023639817 0.023280249 0.022920681 0.022561113 0.022201545 0.021841977 0.021483144 0.021127187
0.04 0.04 0.04 0.04 0.04 0.03977627 0.039532417 0.039148637 0.038764858 0.038489845 0.038218667 0.037937633 0.037536147 0.03713466 0.036733174 0.036331687 0.035930201 0.035528715 0.035127228 0.034719718 0.034296196 0.033872674 0.033449165 0.033058362 0.032669131 0.032279901 0.03189067 0.03150144 0.031216813 0.030933789 0.030650764 0.030367739 0.030084715 0.02980169 0.029515756 0.029156188 0.02879662 0.028437052 0.028077484 0.027717916 0.027358348 0.02699878 0.026639212 0.026279644 0.025920076 0.025560508 0.02520094 0.024841372 0.024481804 0.024122236 0.023762668 0.0234031 0.023043532 0.022683964 0.022324396 0.021964828 0.02160526 0.021245692 0.020886124
0.04 0.04 0.04 0.039777562 0.039507999 0.039253397 0.039048936 0.038737976 0.038354197 0.038038161 0.037766983 0.037495804 0.037224626 0.03689655 0.036495063 0.036093577 0.035692091 0.035290604 0.034889118 0.034487631 0.034085627 0.033662105 0.033238583 0.032815061 0.032421379 0.032032148 0.031642918 0.031253687 0.030880222 0.030597198 0.030314173 0.030031148 0.029748124 0.029465099 0.029182075 0.02889905 0.028559903 0.028200335 0.027840767 0.027481199 0.027121631 0.026762064 0.026402496 0.026042928 0.02568336 0.025323792 0.024964224 0.024604656 0.024245088 0.02388552 0.023525952 0.023166384 0.022806816 0.022447248 0.02208768 0.021728112 0.021368544 0.021008976 0.020649408
0.04 0.039799521 0.039529958 0.039260395 0.038990832 0.038721269 0.038543754 0.038327315 0.037943536 0.037559756 0.037315298 0.03704412 0.036772942 0.036501764 0.036230586 0.035855466 0.03545398 0.035052494 0.034651007 0.034249521 0.033848034 0.033446548 0.033028014 0.032604492 0.03218097 0.031784396 0.031395165 0.031005935 0.030616704 0.030260607 0.029977582 0.029694558 0.029411533 0.029128508 0.028845484 0.028562459 0.028279434 0.027963619 0.027604051 0.027244483 0.026884915 0.026525347 0.026165779 0.025806211 0.025446643 0.025087075 0.024727507 0.024367939 0.024008371 0.023648803 0.023289235 0.022929667 0.022570099 0.022210531 0.021850963 0.021491395 0.021131827 0.020772259 0.020412691
0.039531325 0.039282354 0.039012791 0.038743228 0.038473665 0.038204102 0.038038572 0.037834936 0.037532874 0.037149095 0.036863614 0.036592436 0.036321258 0.03605008 0.035778902 0.035507724 0.03521587 0.034814383 0.034412897 0.03401141 0.033609924 0.033208438 0.032806951 0.032393922 0.031970401 0.031546879 0.031147413 0.030758182 0.030368952 0.029979721 0.029640991 0.029357967 0.029074942 0.028791917 0.028508893 0.028225868 0.027942843 0.027659819 0.027367334 0.027007766 0.026648198 0.02628863 0.025929062 0.025569494 0.025209926 0.024850358 0.02449079 0.024131222 0.023771654 0.023412086 0.023052518 0.02269295 0.022333382 0.021973814 0.021614246 0.021254678 0.02089511 0.020535542 0.020175974
0.038987097 0.038723138 0.038495623 0.038226061 0.037956498 0.037686935 0.03749271 0.037311238 0.037122213 0.036738434 0.036401879 0.036140752 0.035869574 0.035598396 0.035327218 0.03505604 0.034784862 0.034513683 0.034174786 0.0337733 0.033371813 0.032970327 0.032568841 0.032167354 0.031759831 0.031336309 0.030912788 0.03051043 0.030121199 0.029731969 0.029342738 0.029021376 0.028738351 0.028455326 0.028172302 0.027889277 0.027606253 0.027323228 0.027040203 0.026757179 0.026411482 0.026051914 0.025692346 0.025332778 0.02497321 0.024613642 0.024254074 0.023894506 0.023534938 0.02317537 0.022815802 0.022456234 0.022096666 0.021737098 0.02137753 0.021017962 0.020658394 0.020298826 0.02
0.038442868 0.038154852 0.037978456 0.037708893 0.037439331 0.037169768 0.036938314 0.036806055 0.036630173 0.036327773 0.035943993 0.035689068 0.03541789 0.035146712 0.034875533 0.034604355 0.034333177 0.034061999 0.033790821 0.033519643 0.033133703 0.032732217 0.03233073 0.031929244 0.031527757 0.03112574 0.030702218 0.030278696 0.029873447 0.029484216 0.029094986 0.028705755 0.02840176 0.028118736 0.027835711 0.027552686 0.027269662 0.026986637 0.026703612 0.026420588 0.026137563 0.025815197 0.025455629 0.025096061 0.024736493 0.024376925 0.024017357 0.023657789 0.023298221 0.022938653 0.022579085 0.022219517 0.021859949 0.021500381 0.021140813 0.020781245 0.020421677 0.020062109 0.02
0.037898639 0.037610623 0.037461289 0.037191726 0.036922163 0.0366526 0.036383918 0.036286418 0.036086955 0.035917111 0.035533332 0.035237383 0.034966205 0.034695027 0.034423849 0.034152671 0.033881493 0.033610315 0.033339137 0.033067959 0.032796781 0.032494106 0.03209262 0.031691133 0.031289647 0.030888161 0.030486674 0.030068127 0.029644605 0.029236464 0.028847233 0.028458003 0.028068772 0.027782145 0.02749912 0.027216095 0.026933071 0.026650046 0.026367021 0.026083997 0.025800972 0.025517948 0.025218912 0.024859344 0.024499776 0.024140208 0.02378064 0.023421072 0.023061504 0.022701936 0.022342368 0.0219828 0.021623232 0.021263664 0.020904096 0.020544528 0.02018496 0.02 0.02
0.03735441 0.037066394 0.036886502 0.036674559 0.036404996 0.036135433 0.03586587 0.035732023 0.035573539 0.03542541 0.035122671 0.034738892 0.034514521 0.034243343 0.033972165 0.033700987 0.033429809 0.033158631 0.032887453 0.032616275 0.032345097 0.032073919 0.03180274 0.031453023 0.031051536 0.03065005 0.030248564 0.029847077 0.029434036 0.029010514 0.028599481 0.02821025 0.02782102 0.027445554 0.027162529 0.026879504 0.02659648 0.026313455 0.026030431 0.025747406 0.025464381 0.025181357 0.024898332 0.024615307 0.02426306 0.023903492 0.023543924 0.023184356 0.022824788 0.02246522 0.022105652 0.021746084 0.021386516 0.021026948 0.02066738 0.020307812 0.02 0.02 0.02
0.036810181 0.036522165 0.036297282 0.036157392 0.035887829 0.035618266 0.035348703 0.035177627 0.035068357 0.034882191 0.03471201 0.03432823 0.034062837 0.033791659 0.033520481 0.033249303 0.032978125 0.032706947 0.032435769 0.032164591 0.031893412 0.031622234 0.031351056 0.031079878 0.0308087 0.03041194 0.030010453 0.029608967 0.02920748 0.028799944 0.028376423 0.027962498 0.027573267 0.027184037 0.026825938 0.026542914 0.026259889 0.025976864 0.02569384 0.025410815 0.02512779 0.024844766 0.024561741 0.024278717 0.023995692 0.023666775 0.023307207 0.022947639 0.022588071 0.022228503 0.021868935 0.021509367 0.021149799 0.020790231 0.020430663 0.020071095 0.02 0.02 0.02
