data/pga_contour_raster.tif
NCOLS 259
NROWS 180
XLLCORNER 14.7
YLLCORNER 45
DX 0.0099742587
DY 0.01
NODATA_VALUE -9999
[rows 104 to 129 of 180, columns 0 to 58 of 259]
0.010287783 0.010863348 0.011438913 0.012014479 0.012590044 0.013165609 0.013741174 0.01431674 0.014892305 0.01546787 0.016043436 0.016619001 0.017114584 0.017485851 0.017857119 0.01811751 0.018232763 0.018348017 0.01846327 0.018593321 0.018762972 0.018932623 0.019102274 0.019271925 0.019441575 0.019611226 0.019780877 0.019950528 0.02 0.02 0.02 0.02 0.02 0.02 0.02 0.02 0.02 0.02 0.02 0.02 0.02 0.02 0.02 0.02 0.02 0.02 0.020440959 0.020901317 0.021361675 0.021822033 0.022282391 0.022742749 0.023203107 0.023663465 0.024123824 0.024584182 0.02504454 0.025504898 0.026010724
0.010287783 0.010863348 0.011438913 0.012014479 0.012590044 0.013165609 0.013741174 0.01431674 0.014892305 0.01546787 0.016043436 0.016619001 0.017081819 0.017453086 0.017814977 0.018033654 0.018148908 0.018264161 0.018379415 0.018523319 0.01869297 0.018862621 0.019032272 0.019201923 0.019371574 0.019541225 0.019710876 0.019880527 0.02 0.02 0.02 0.02 0.02 0.02 0.02 0.02 0.02 0.02 0.02 0.02 0.02 0.02 0.02 0.02 0.02 0.02 0.020001522 0.02046188 0.020922238 0.021382596 0.021842954 0.022303312 0.02276367 0.023224028 0.023684386 0.024144744 0.024605102 0.025120738 0.025491067
0.010287783 0.010863348 0.011438913 0.012014479 0.012590044 0.013165609 0.013741174 0.01431674 0.014892305 0.01546787 0.016043436 0.016619001 0.017049054 0.017420322 0.017768905 0.017949799 0.018065052 0.018180306 0.01829556 0.018453317 0.018622968 0.018792619 0.01896227 0.019131921 0.019301572 0.019471223 0.019640874 0.019810525 0.019980176 0.02 0.02 0.02 0.02 0.02 0.02 0.02 0.02 0.02 0.02 0.02 0.02 0.02 0.02 0.02 0.02 0.02 0.02 0.020022443 0.020482801 0.020943159 0.021403517 0.021863875 0.022324233 0.022784591 0.023244949 0.023695144 0.024211697 0.024582026 0.024981897
0.010287783 0.010863348 0.011438913 0.012014479 0.012590044 0.013165609 0.013741174 0.01431674 0.014892305 0.01546787 0.016043436 0.016619001 0.017016289 0.017387557 0.017722833 0.017865944 0.017981197 0.018096451 0.018213665 0.018383316 0.018552967 0.018722618 0.018892269 0.019061919 0.01923157 0.019401221 0.019570872 0.019740523 0.019910174 0.02 0.02 0.02 0.02 0.02 0.02 0.02 0.02 0.02 0.02 0.02 0.02 0.02 0.02 0.02 0.02 0.02 0.02 0.02 0.020043364 0.020503722 0.02096408 0.021424438 0.021884796 0.022345154 0.022823946 0.023302656 0.023680317 0.024116983 0.02455365
0.010287783 0.010863348 0.011438913 0.012014479 0.012590044 0.013165609 0.013741174 0.01431674 0.014892305 0.01546787 0.016043436 0.016612257 0.016983525 0.017354792 0.017666835 0.017782088 0.017897342 0.018012595 0.018143663 0.018313314 0.018482965 0.018652616 0.018822267 0.018991918 0.019161569 0.01933122 0.019500871 0.019670522 0.019840172 0.02 0.02 0.02 0.02 0.02 0.02 0.02 0.02 0.02 0.02 0.02 0.02 0.02 0.02 0.02 0.02 0.02 0.02 0.02 0.02 0.020064285 0.020524643 0.020985001 0.021445359 0.02196469 0.022393615 0.022815403 0.023252069 0.023688736 0.024125402
0.010287783 0.010863348 0.011438913 0.012014479 0.012590044 0.013165609 0.013741174 0.01431674 0.014892305 0.01546787 0.016043436 0.016579492 0.01695076 0.017322027 0.017582979 0.017698233 0.017813486 0.01792874 0.018073661 0.018243312 0.018412963 0.018582614 0.018752265 0.018921916 0.019091567 0.019261218 0.019430869 0.01960052 0.019770171 0.019939822 0.02 0.02 0.02 0.02 0.02 0.02 0.02 0.02 0.02 0.02 0.02 0.02 0.02 0.02 0.02 0.02 0.02 0.02 0.02 0.02 0.020085206 0.020545564 0.021105434 0.021513823 0.021950489 0.022387156 0.022823822 0.023260488 0.023697155
0.010287783 0.010863348 0.011438913 0.012014479 0.012590044 0.013165609 0.013741174 0.01431674 0.014892305 0.01546787 0.016043436 0.016546728 0.016917995 0.017282368 0.017499124 0.017614377 0.017729631 0.017844885 0.01800366 0.018173311 0.018342962 0.018512613 0.018682263 0.018851914 0.019021565 0.019191216 0.019360867 0.019530518 0.019700169 0.01986982 0.02 0.02 0.02 0.02 0.02 0.02 0.02 0.02 0.02 0.02 0.02 0.02 0.02 0.02 0.02 0.02 0.02 0.02 0.02 0.02 0.02 0.020212243 0.020648909 0.021085575 0.021522242 0.021958908 0.022395575 0.022832241 0.023268907
0.010287783 0.010863348 0.011438913 0.012014479 0.012590044 0.013165609 0.013741174 0.01431674 0.014892305 0.01546787 0.016043436 0.016513963 0.01688523 0.017236296 0.017415269 0.017530522 0.017645776 0.017764007 0.017933658 0.018103309 0.01827296 0.018442611 0.018612262 0.018781913 0.018951564 0.019121215 0.019290866 0.019460516 0.019630167 0.019799818 0.019969469 0.02 0.02 0.02 0.02 0.02 0.02 0.02 0.02 0.02 0.02 0.02 0.02 0.02 0.02 0.02 0.02 0.02 0.02 0.02 0.02 0.02 0.020220662 0.020657328 0.021093994 0.021530661 0.021967327 0.022403993 0.02284066
0.010287783 0.010863348 0.011438913 0.012014479 0.012590044 0.013165609 0.013741174 0.01431674 0.014892305 0.01546787 0.016043436 0.016481198 0.016852465 0.017190223 0.017331413 0.017446667 0.01756192 0.017694005 0.017863656 0.018033307 0.018202958 0.018372609 0.01854226 0.018711911 0.018881562 0.019051213 0.019220864 0.019390515 0.019560166 0.019729817 0.019899468 0.02 0.02 0.02 0.02 0.02 0.02 0.02 0.02 0.02 0.02 0.02 0.02 0.02 0.02 0.02 0.02 0.02 0.02 0.02 0.02 0.02 0.02 0.02022908 0.020665747 0.021102413 0.02153908 0.021975746 0.022412412
0.010287783 0.010863348 0.011438913 0.012014479 0.012590044 0.013165609 0.013741174 0.01431674 0.014892305 0.01546787 0.016043436 0.016448433 0.016819701 0.017132304 0.017247558 0.017362811 0.017478065 0.017624004 0.017793655 0.017963306 0.018132957 0.018302607 0.018472258 0.018641909 0.01881156 0.018981211 0.019150862 0.019320513 0.019490164 0.019659815 0.019829466 0.02 0.02 0.02 0.02 0.02 0.02 0.02 0.02 0.02 0.02 0.02 0.02 0.02 0.02 0.02 0.02 0.02 0.02 0.02 0.02 0.02 0.02 0.02 0.020237499 0.020674166 0.021110832 0.021547498 0.021984165
0.010287783 0.010863348 0.011438913 0.012014479 0.012590044 0.013165609 0.013741174 0.01431674 0.014892305 0.01546787 0.016043436 0.016415668 0.016786936 0.017048449 0.017163702 0.017278956 0.01739421 0.017554002 0.017723653 0.017893304 0.018062955 0.018232606 0.018402257 0.018571908 0.018741559 0.01891121 0.01908086 0.019250511 0.019420162 0.019589813 0.019759464 0.019905504 0.02 0.02 0.02 0.02 0.02 0.02 0.02 0.02 0.02 0.02 0.02 0.02 0.02 0.02 0.02 0.02 0.02 0.02 0.02 0.02 0.02 0.02 0.02 0.020245918 0.020682585 0.021119251 0.021555917
0.010287783 0.010863348 0.011438913 0.012014479 0.012590044 0.013165609 0.013741174 0.01431674 0.014892305 0.01546787 0.016011636 0.016382904 0.016749759 0.016964594 0.017079847 0.017195101 0.017314349 0.017484 0.017653651 0.017823302 0.017992953 0.018162604 0.018332255 0.018501906 0.018671557 0.018841208 0.019010859 0.01918051 0.019350161 0.019519812 0.019690669 0.01981383 0.019937667 0.02 0.02 0.02 0.02 0.02 0.02 0.02 0.02 0.02 0.02 0.02 0.02 0.02 0.02 0.02 0.02 0.02 0.02 0.02 0.02 0.02 0.02 0.02 0.020254337 0.020691004 0.02112767
0.010287783 0.010863348 0.011438913 0.012014479 0.012590044 0.013165609 0.013741174 0.01431674 0.014892305 0.01546787 0.015978872 0.016350139 0.016703687 0.016880738 0.016995992 0.017111245 0.017244348 0.017413999 0.01758365 0.017753301 0.017922951 0.018092602 0.018262253 0.018431904 0.018601555 0.018771206 0.018940857 0.019110508 0.019280159 0.01944981 0.019598319 0.019722156 0.019845993 0.01996983 0.02 0.02 0.02 0.02 0.02 0.02 0.02 0.02 0.02 0.02 0.02 0.02 0.02 0.02 0.02 0.02 0.02 0.02 0.02 0.02 0.02 0.02 0.02 0.020262756 0.020699422
0.010287783 0.010863348 0.011438913 0.012014479 0.012590044 0.013165609 0.013741174 0.01431674 0.014892305 0.01546787 0.015946107 0.016317374 0.016657614 0.016796883 0.016912136 0.01702739 0.017174346 0.017343997 0.017513648 0.017683299 0.01785295 0.018022601 0.018192252 0.018361903 0.018531554 0.018701204 0.018870855 0.019040506 0.019210157 0.019380209 0.019506645 0.019630482 0.019754319 0.019878156 0.02 0.02 0.02 0.02 0.02 0.02 0.02 0.02 0.02 0.02 0.02 0.02 0.02 0.02 0.02 0.02 0.02 0.02 0.02 0.02 0.02 0.02 0.02 0.02 0.020271175
0.010287783 0.010863348 0.011438913 0.012014479 0.012590044 0.013165609 0.013741174 0.01431674 0.014892305 0.01546787 0.015913342 0.016284609 0.016597774 0.016713028 0.016828281 0.016943535 0.017104344 0.017273995 0.017443646 0.017613297 0.017782948 0.017952599 0.01812225 0.018291901 0.018461552 0.018631203 0.018800854 0.018970505 0.019140156 0.019291135 0.019414972 0.019538808 0.019662645 0.019786482 0.019910319 0.02 0.02 0.02 0.02 0.02 0.02 0.02 0.02 0.02 0.02 0.02 0.02 0.02 0.02 0.02 0.02 0.02 0.02 0.02 0.02 0.02 0.02 0.02 0.02
0.010287783 0.010863348 0.011438913 0.012014479 0.012590044 0.013165609 0.013741174 0.01431674 0.014892305 0.01546787 0.015880577 0.016251845 0.016513919 0.016629172 0.016744426 0.016864692 0.017034343 0.017203994 0.017373645 0.017543295 0.017712946 0.017882597 0.018052248 0.018221899 0.01839155 0.018561201 0.018730852 0.018900503 0.019070154 0.019199461 0.019323298 0.019447134 0.019570971 0.019694808 0.019818645 0.019942482 0.02 0.02 0.02 0.02 0.02 0.02 0.02 0.02 0.02 0.02 0.02 0.02 0.02 0.02 0.02 0.02 0.02 0.02 0.02 0.02 0.02 0.02 0.02
0.010287783 0.010863348 0.011438913 0.012014479 0.012590044 0.013165609 0.013741174 0.01431674 0.014892305 0.01546787 0.015847812 0.01621715 0.016430063 0.016545317 0.01666057 0.01679469 0.016964341 0.017133992 0.017303643 0.017473294 0.017642945 0.017812596 0.017982247 0.018151898 0.018321548 0.018491199 0.01866085 0.018830501 0.018984676 0.019107787 0.019231624 0.019355461 0.019479297 0.019603134 0.019726971 0.019850808 0.019974645 0.02 0.02 0.02 0.02 0.02 0.02 0.02 0.02 0.02 0.02 0.02 0.02 0.02 0.02 0.02 0.02 0.02 0.02 0.02 0.02 0.02 0.02
0.010287783 0.010863348 0.011438913 0.012014479 0.012590044 0.013165609 0.013741174 0.01431674 0.014892305 0.01544378 0.015815048 0.016171077 0.016346208 0.016461461 0.016576715 0.016724688 0.016894339 0.01706399 0.017233641 0.017403292 0.017572943 0.017742594 0.017912245 0.018081896 0.018251547 0.018421198 0.018590849 0.0187605 0.018892276 0.019016113 0.01913995 0.019263787 0.019387623 0.01951146 0.019635297 0.019759134 0.019882971 0.02 0.02 0.02 0.02 0.02 0.02 0.02 0.02 0.02 0.02 0.02 0.02 0.02 0.02 0.02 0.02 0.02 0.02 0.02 0.02 0.02 0.02
0.010287783 0.010863348 0.011438913 0.012014479 0.012590044 0.013165609 0.013741174 0.01431674 0.014892305 0.015411015 0.015782283 0.016125005 0.016262353 0.016377606 0.01649286 0.016654687 0.016824338 0.016993989 0.017163639 0.01733329 0.017502941 0.017672592 0.017842243 0.018011894 0.018181545 0.018351196 0.018520847 0.018678285 0.018800602 0.018924439 0.019048276 0.019172113 0.019295949 0.019419786 0.019543623 0.01966746 0.019791297 0.019915134 0.02 0.02 0.02 0.02 0.02 0.02 0.02 0.02 0.02 0.02 0.02 0.02 0.02 0.02 0.02 0.02 0.02 0.02 0.02 0.02 0.02
0.010287783 0.010863348 0.011438913 0.012014479 0.012590044 0.013165609 0.013741174 0.01431674 0.014892305 0.015378251 0.015749518 0.016063244 0.016178497 0.016293751 0.016415034 0.016584685 0.016754336 0.016923987 0.017093638 0.017263289 0.01743294 0.017602591 0.017772242 0.017941892 0.018111543 0.018281194 0.018450845 0.018585091 0.018708928 0.018832765 0.018956602 0.019080439 0.019204276 0.019328112 0.019451949 0.019575786 0.019699623 0.01982346 0.019947297 0.02 0.02 0.02 0.02 0.02 0.02 0.02 0.02 0.02 0.02 0.02 0.02 0.02 0.02 0.02 0.02 0.02 0.02 0.02 0.02
0.010287783 0.010863348 0.011438913 0.012014479 0.012590044 0.013165609 0.013741174 0.01431674 0.014892305 0.015345486 0.015716753 0.015979388 0.016094642 0.016209895 0.016345032 0.016514683 0.016684334 0.016853985 0.017023636 0.017193287 0.017362938 0.017532589 0.01770224 0.017871891 0.018041542 0.018211193 0.018371894 0.018493417 0.018617254 0.018741091 0.018864928 0.018988765 0.019112602 0.019236438 0.019360275 0.019484112 0.019607949 0.019731786 0.019845213 0.019956589 0.02 0.02 0.02 0.02 0.02 0.02 0.02 0.02 0.02 0.02 0.02 0.02 0.02 0.02 0.02 0.02 0.02 0.02 0.02
0.010287783 0.010863348 0.011438913 0.012014479 0.012590044 0.013165609 0.013741174 0.01431674 0.014892305 0.015312721 0.015683988 0.015895533 0.016010786 0.01612604 0.016275031 0.016444682 0.016614333 0.016783983 0.016953634 0.017123285 0.017292936 0.017462587 0.017632238 0.017801889 0.01797154 0.018141191 0.018277907 0.018401743 0.01852558 0.018649417 0.018773254 0.018897091 0.019020928 0.019144765 0.019268601 0.019392438 0.019516275 0.019635876 0.019745082 0.019856458 0.019967833 0.02 0.02 0.02 0.02 0.02 0.02 0.02 0.02 0.02 0.02 0.02 0.02 0.02 0.02 0.02 0.02 0.02 0.02
0.010287783 0.010863348 0.011438913 0.012014479 0.012590044 0.013165609 0.013741174 0.01431674 0.014892305 0.015279956 0.015638468 0.015811678 0.015926931 0.016042185 0.016205029 0.01637468 0.016544331 0.016713982 0.016883633 0.017053284 0.017222935 0.017392586 0.017562236 0.017731887 0.017901538 0.018065503 0.018186233 0.018310069 0.018433906 0.018557743 0.01868158 0.018805417 0.018929254 0.019053091 0.019176927 0.019300764 0.019424601 0.019533576 0.019644952 0.019756327 0.019867703 0.019979078 0.02 0.02 0.02 0.02 0.02 0.02 0.02 0.02 0.02 0.02 0.02 0.02 0.02 0.02 0.02 0.02 0.02
0.010287783 0.010863348 0.011438913 0.012014479 0.012590044 0.013165609 0.013741174 0.01431674 0.014875924 0.015247191 0.015592396 0.015727822 0.015843076 0.015965376 0.016135027 0.016304678 0.016474329 0.01664398 0.016813631 0.016983282 0.017152933 0.017322584 0.017492235 0.017661886 0.017831537 0.017970722 0.018094559 0.018218395 0.018342232 0.018466069 0.018589906 0.018713743 0.01883758 0.018961417 0.019085253 0.01920909 0.01932207 0.019433445 0.019544821 0.019656196 0.019767572 0.019878947 0.019990323 0.02 0.02 0.02 0.02 0.02 0.02 0.02 0.02 0.02 0.02 0.02 0.02 0.02 0.02 0.02 0.02
0.010287783 0.010863348 0.011438913 0.012014479 0.012590044 0.013165609 0.013741174 0.01431674 0.014843159 0.015214427 0.015528713 0.015643967 0.01575922 0.015895375 0.016065026 0.016234677 0.016404327 0.016573978 0.016743629 0.01691328 0.017082931 0.017252582 0.017422233 0.017591884 0.017759112 0.017879048 0.018002885 0.018126722 0.018250558 0.018374395 0.018498232 0.018622069 0.018745906 0.018869743 0.01899358 0.019111914 0.019221939 0.019333315 0.01944469 0.019556066 0.019667441 0.019778817 0.019890192 0.02 0.02 0.02 0.02 0.02 0.02 0.02 0.02 0.02 0.02 0.02 0.02 0.02 0.02 0.02 0.02
0.010287783 0.010863348 0.011438913 0.012014479 0.012590044 0.013165609 0.013741174 0.01431674 0.014810395 0.015181662 0.015444858 0.015560111 0.015675365 0.015825373 0.015995024 0.016164675 0.016334326 0.016503977 0.016673628 0.016843279 0.01701293 0.01718258 0.017352231 0.017521882 0.017663537 0.017787374 0.017911211 0.018035048 0.018158884 0.018282721 0.018406558 0.018530395 0.018654232 0.018778069 0.018901906 0.019010433 0.019121808 0.019233184 0.019344559 0.019455935 0.01956731 0.019678686 0.019790061 0.019901437 0.02 0.02 0.02 0.02 0.02 0.02 0.02 0.02 0.02 0.02 0.02 0.02 0.02 0.02 0.02
