data/pga_contour_raster.tif
NCOLS 259
NROWS 180
XLLCORNER 14.7
YLLCORNER 45
DX 0.0099742587
DY 0.01
NODATA_VALUE -9999
[rows 104 to 129 of 180, columns 118 to 176 of 259]
0.12697688 0.13068852 0.13525618 0.13961973 0.14375985 0.1480591 0.15146212 0.15557056 0.15967626 0.1616452 0.16359115 0.16272423 0.16146789 0.16076061 0.15897486 0.15668236 0.15577571 0.15488393 0.15103568 0.14800488 0.14465166 0.14125933 0.13829828 0.13455781 0.13067023 0.12705046 0.12331319 0.11942382 0.11645239 0.11430737 0.11034179 0.10729094 0.10387191 0.10056044 0.098372578 0.095707947 0.092230413 0.08914335 0.086629485 0.084115619 0.081389256 0.08 0.079439278 0.077684819 0.07598557 0.073618866 0.070990915 0.0685105 0.066015876 0.063676191 0.06146384 0.06 0.05973192 0.058404127 0.057076334 0.056074472 0.055192108 0.054185461 0.053021263
0.11827819 0.12106066 0.12552734 0.12980525 0.13385668 0.13727414 0.1400668 0.14421717 0.14650268 0.14835198 0.1499733 0.15002103 0.14979928 0.14943405 0.14779046 0.14492168 0.1433542 0.14168997 0.13978329 0.1367806 0.13421283 0.13077428 0.12741714 0.12520551 0.12259174 0.12 0.11666885 0.11417767 0.11163397 0.1091101 0.10581129 0.10158881 0.099532394 0.097915433 0.095019771 0.09234207 0.090033765 0.086714824 0.083971884 0.081458019 0.08 0.079295004 0.077750487 0.075996028 0.074254387 0.072632595 0.07033137 0.067942019 0.065332259 0.062693288 0.060198525 0.06 0.058863497 0.057535704 0.056207911 0.054880118 0.053875138 0.05299412 0.051906885
0.11086125 0.11441903 0.1174051 0.12018017 0.12400338 0.1273859 0.13018536 0.13304715 0.13491705 0.13599398 0.13745953 0.13822311 0.13861268 0.1383991 0.13729663 0.13436967 0.1337336 0.13231885 0.12996086 0.12762255 0.12457227 0.12120884 0.11819049 0.11774945 0.11641673 0.11359091 0.11062583 0.10880428 0.10627972 0.10372409 0.10095816 0.098638307 0.09544646 0.093687569 0.091622573 0.088728765 0.086607881 0.084368784 0.081055303 0.08 0.078659967 0.077215733 0.075757798 0.074307237 0.072552778 0.070918983 0.06927962 0.06702746 0.064664293 0.062265172 0.06 0.059322867 0.057995074 0.056667281 0.055339488 0.054011695 0.052683902 0.051675803 0.050792506
0.10524734 0.10839234 0.11108315 0.11310805 0.11532116 0.11796235 0.11970571 0.12274037 0.12430322 0.12510408 0.12707696 0.12871103 0.12799656 0.12821841 0.12750006 0.12470437 0.12512331 0.12376418 0.12063453 0.1183641 0.11652084 0.11447442 0.11226466 0.11142683 0.11045749 0.1067074 0.10468037 0.10263402 0.10079062 0.09952472 0.097402858 0.095330824 0.092053456 0.089601549 0.087479051 0.085334139 0.08294551 0.080873691 0.08 0.078211113 0.076595253 0.075136462 0.073694138 0.072325181 0.070863986 0.069109527 0.067583579 0.065926645 0.063723551 0.061360384 0.059782238 0.058454445 0.057126652 0.055798859 0.054471066 0.053143273 0.05181548 0.050487687 0.049477049
0.099613886 0.10225647 0.10456106 0.106065 0.10733019 0.1092482 0.11138877 0.11281508 0.11411642 0.11458151 0.1166682 0.11914787 0.11755379 0.11819426 0.11800343 0.11573651 0.11605413 0.11578948 0.11369276 0.11149197 0.10939611 0.10816324 0.10620886 0.10534653 0.10416187 0.10019835 0.099009065 0.099042243 0.096135119 0.095232307 0.093239018 0.091588766 0.088788164 0.085468604 0.083436277 0.08108897 0.08 0.079561528 0.077946277 0.07612269 0.074299103 0.073103562 0.071614867 0.070162889 0.06884763 0.067420736 0.065752384 0.064248175 0.06257367 0.060419642 0.059086424 0.057656476 0.056258229 0.054930436 0.053602643 0.05227485 0.050947057 0.049619264 0.048291471
0.093521256 0.095842256 0.09782927 0.098629198 0.099073602 0.10046186 0.10320005 0.10278962 0.10455422 0.10444926 0.10577466 0.10777195 0.10752958 0.10789476 0.10900244 0.1069819 0.10631324 0.10701027 0.10660349 0.10451699 0.1023163 0.10134215 0.099997563 0.099623687 0.098488681 0.095636321 0.093064646 0.092977747 0.090274526 0.090002449 0.089067416 0.087305842 0.085367971 0.082245503 0.08 0.079281542 0.078181937 0.077089082 0.075740719 0.074034268 0.072210681 0.070960709 0.069571713 0.068093272 0.066657475 0.065374278 0.063977486 0.06241698 0.060912771 0.059593763 0.058246654 0.056898976 0.055555223 0.054200066 0.052770118 0.051406427 0.050078634 0.048750841 0.047423048
0.087342647 0.089299553 0.091753314 0.092354674 0.093245084 0.094558138 0.096337093 0.096071846 0.09697075 0.097104303 0.097484053 0.098158479 0.098549034 0.098901657 0.09955737 0.098886967 0.098161279 0.098504678 0.099160012 0.098446568 0.09699997 0.0975081 0.095938678 0.095081318 0.094036773 0.091019212 0.088145072 0.086955347 0.084140643 0.084519411 0.084487789 0.082895157 0.081460271 0.079639083 0.077460617 0.076835009 0.075735404 0.074635798 0.073607902 0.071850281 0.070122258 0.068486162 0.067519294 0.066039864 0.064570717 0.063242012 0.061923912 0.060585784 0.059762062 0.058741809 0.057474878 0.056114819 0.054749323 0.053383826 0.05201833 0.050674287 0.049313709 0.047882419 0.046554626
0.081143844 0.082835155 0.085479975 0.086270443 0.087525973 0.088895492 0.090262497 0.090066532 0.091258626 0.091312909 0.091753864 0.092345663 0.092743399 0.093550156 0.093809718 0.093024189 0.092381426 0.091888165 0.091390539 0.091828939 0.09099991 0.092036824 0.091879793 0.090538948 0.089292378 0.087093701 0.083552491 0.080932946 0.08 0.08 0.08 0.079117906 0.077864628 0.076370421 0.074145571 0.073882714 0.073288871 0.072189265 0.071151406 0.069896236 0.06798865 0.066210248 0.065326165 0.063987445 0.062508015 0.060999513 0.059950539 0.059120656 0.058366048 0.057649707 0.056623719 0.055348481 0.053982985 0.052617488 0.051251992 0.049886495 0.048520999 0.047155502 0.04579335
0.077314021 0.079083549 0.08 0.08049346 0.081890657 0.083293526 0.084187901 0.084069648 0.085399853 0.085671909 0.086104013 0.086561037 0.086951489 0.088244393 0.088094848 0.086876151 0.086601572 0.085805501 0.0840605 0.085127471 0.08499985 0.086626199 0.087071443 0.085996579 0.084278646 0.082375191 0.080150629 0.0789972 0.07730442 0.076946689 0.077126711 0.07580875 0.074209686 0.072820762 0.070830526 0.070732631 0.070842338 0.069742732 0.068694909 0.067653516 0.066038875 0.064121825 0.062851618 0.061935026 0.060455596 0.059844739 0.058881505 0.057918271 0.05702203 0.05625488 0.055537352 0.054505629 0.053216647 0.05185115 0.050485654 0.049120157 0.047754661 0.046389164 0.045023668
0.074066989 0.075741958 0.07621731 0.076409947 0.077456449 0.078327192 0.078763355 0.079133352 0.079604348 0.079821994 0.080425782 0.080780868 0.081371898 0.082867807 0.082379977 0.081124663 0.080830987 0.08 0.08 0.079043735 0.079527817 0.081215575 0.081970882 0.081454209 0.08 0.079429481 0.078082966 0.076200435 0.074283208 0.073865357 0.074006719 0.072814229 0.070825332 0.069323542 0.067515481 0.067582548 0.067993717 0.067296199 0.066238413 0.065197019 0.064009159 0.062181514 0.060377071 0.06 0.059658724 0.058775706 0.057812472 0.056849238 0.055886004 0.054923403 0.054144757 0.053424996 0.052387539 0.051084812 0.049719316 0.048353819 0.046988323 0.045622826 0.04425733
0.070873476 0.071459717 0.072016864 0.072508668 0.073676664 0.074600722 0.074788494 0.07511752 0.075384901 0.075569882 0.076053016 0.076348774 0.077321933 0.078453543 0.079334046 0.079077739 0.078079482 0.07702177 0.075333015 0.074365244 0.075359169 0.076761275 0.077163392 0.076898646 0.076750302 0.075410411 0.074999679 0.07340367 0.071486443 0.070784025 0.070872886 0.069699253 0.067968489 0.065841913 0.064193575 0.064308159 0.064843634 0.064849666 0.063781916 0.062740522 0.061699129 0.06018011 0.06 0.05939839 0.058357918 0.057662308 0.056888701 0.055780204 0.05481697 0.053853736 0.052890502 0.052042923 0.051312641 0.050268762 0.048952978 0.047587481 0.046221985 0.044856488 0.043490992
0.067225613 0.067117263 0.067816418 0.068678285 0.069867938 0.070945746 0.070873485 0.071101689 0.071165455 0.071317771 0.071789552 0.072710309 0.073485208 0.074354522 0.074559412 0.074392346 0.073376145 0.072318433 0.070654524 0.069844257 0.071514872 0.072326163 0.072593381 0.072249369 0.072524675 0.071774797 0.071637227 0.070315624 0.068689678 0.067702694 0.06769008 0.066508066 0.065031208 0.06298507 0.060858494 0.061015936 0.061693552 0.06210472 0.06132542 0.060284026 0.06 0.059899843 0.058916198 0.057932554 0.057057112 0.056139893 0.055899407 0.055002648 0.053893985 0.052785321 0.051821469 0.050858235 0.049944297 0.049200286 0.048149877 0.046821143 0.045455647 0.04409015 0.042724654
0.062943372 0.06257343 0.063662836 0.06502219 0.066066538 0.067077894 0.066958476 0.067085857 0.067014902 0.06706566 0.067474137 0.068934712 0.069501134 0.070250109 0.070092318 0.069734455 0.068672808 0.067615096 0.066223526 0.06556593 0.067642969 0.06789105 0.068072585 0.067731757 0.068278487 0.068146701 0.068269751 0.067113031 0.065892913 0.064621362 0.064498894 0.063316879 0.061935548 0.060128227 0.06 0.06 0.059998611 0.059652119 0.059704153 0.059756186 0.059445782 0.058462138 0.057478494 0.056494849 0.055756306 0.054715833 0.054376992 0.054136506 0.053116595 0.052007932 0.050899269 0.049790605 0.048825967 0.047862733 0.04708793 0.046030992 0.044689309 0.043323812 0.041958316
0.06 0.06 0.06 0.061298988 0.062545086 0.063162885 0.063043468 0.063058555 0.062874042 0.062825177 0.063594879 0.065168579 0.065517059 0.066124239 0.065625224 0.065062552 0.064003103 0.062911759 0.061521306 0.061806019 0.063207857 0.063455938 0.06355179 0.063184051 0.064032299 0.064520465 0.064902275 0.063745556 0.062560372 0.061537214 0.061307707 0.060125693 0.06 0.059700537 0.059183103 0.058789144 0.058395186 0.058072487 0.058113687 0.05816572 0.057822121 0.057024433 0.056040789 0.055057145 0.054231795 0.053415027 0.052854577 0.052614091 0.052339206 0.051230543 0.050121879 0.049013216 0.047904553 0.04679589 0.045830465 0.044976526 0.043912107 0.042557474 0.041191978
0.058177822 0.058272336 0.058402725 0.058775993 0.059607805 0.06 0.06 0.06 0.06 0.06 0.06 0.061219121 0.061532984 0.061955854 0.06115813 0.060360406 0.06 0.06 0.06 0.06 0.06 0.06 0.06 0.06 0.06 0.060894229 0.061534799 0.06037808 0.06 0.06 0.059535816 0.059113647 0.058713679 0.058101991 0.057579678 0.05718572 0.056791761 0.056497703 0.056523221 0.056575272 0.056235106 0.055503021 0.054603084 0.05361944 0.052635796 0.052114221 0.051332163 0.051091677 0.05085119 0.050453153 0.04934449 0.048235827 0.047127163 0.0460185 0.044909837 0.043801174 0.042866564 0.041791136 0.04042564
0.056140507 0.056218519 0.056348908 0.056855921 0.057692583 0.058591521 0.059146944 0.059590556 0.059567425 0.059544295 0.059521164 0.059590847 0.05979793 0.06 0.06 0.06 0.06 0.06 0.06 0.06 0.06 0.059367077 0.059002022 0.058942354 0.058882686 0.058823018 0.05910252 0.059512219 0.058476096 0.057937015 0.057397934 0.057148025 0.057115133 0.056503446 0.055962493 0.055582295 0.055188336 0.054922919 0.054932755 0.054995664 0.054649955 0.053877835 0.05316538 0.052181735 0.051198091 0.050713645 0.049772942 0.049569262 0.049328776 0.049088289 0.048567101 0.047458437 0.046349774 0.045241111 0.044132447 0.043023784 0.041915121 0.040806458 0.04
0.054102181 0.054164703 0.054301309 0.054935849 0.055790745 0.056561351 0.057116775 0.057560714 0.057537584 0.057514453 0.057491323 0.057754297 0.057747342 0.057991458 0.058357414 0.059405207 0.059391218 0.059191331 0.058991444 0.058584997 0.05787761 0.057214698 0.057064925 0.05681064 0.056750972 0.056691304 0.05693175 0.057225695 0.056348043 0.055799133 0.055260052 0.055182404 0.055516588 0.0549049 0.054293213 0.05397887 0.053584911 0.053348135 0.053342289 0.053416056 0.053064804 0.052295096 0.051556254 0.050744031 0.049760386 0.049003282 0.048472136 0.048046847 0.047806361 0.047565875 0.047325389 0.046681048 0.045572385 0.044463721 0.043355058 0.042246395 0.041137732 0.040029068 0.04
0.052063855 0.052110886 0.052294548 0.053015778 0.053910367 0.054531181 0.055262723 0.055530873 0.055507742 0.055484612 0.055607193 0.055917747 0.055696753 0.055940869 0.056337856 0.057336195 0.057182694 0.056982807 0.05678292 0.05638843 0.055681043 0.05506232 0.055185341 0.054678926 0.054619258 0.05455959 0.054760981 0.054894094 0.054322672 0.053661251 0.053122171 0.053216782 0.053564043 0.053306355 0.052694668 0.052375445 0.051981486 0.051773351 0.051751823 0.051836448 0.051479653 0.050709946 0.04993355 0.049229779 0.048322682 0.04740342 0.04717133 0.046524432 0.046283946 0.04604346 0.045802974 0.045562488 0.044794995 0.043686332 0.042577669 0.041469005 0.040360342 0.04 0.04
0.050025529 0.050057069 0.050287786 0.051095767 0.051945588 0.052545844 0.053354372 0.053501032 0.053477901 0.05345477 0.053853254 0.054081197 0.053646165 0.053890281 0.054318298 0.055102397 0.05497417 0.054774283 0.054574396 0.054189429 0.053484476 0.052923715 0.053186429 0.052704949 0.052487544 0.052427876 0.052590211 0.052629462 0.052301153 0.051523369 0.050984289 0.05125116 0.051598421 0.05170781 0.051096122 0.05077202 0.050378061 0.050198567 0.050161357 0.050256656 0.049894502 0.049124795 0.048355087 0.047609488 0.046884977 0.045901333 0.045456186 0.044994066 0.044761531 0.044521045 0.044280559 0.044040073 0.043799587 0.042908943 0.041800279 0.040691616 0.04 0.04 0.04
0.047987203 0.048003252 0.048343822 0.049204745 0.049915419 0.050694243 0.05134366 0.05147119 0.051448059 0.051603127 0.052099314 0.052244647 0.051634222 0.051839693 0.05229874 0.0528686 0.052759058 0.052565759 0.052365872 0.051952321 0.051287909 0.050832265 0.051094979 0.050793572 0.05035583 0.050296161 0.050419441 0.050364829 0.05006566 0.049385487 0.048846407 0.049285539 0.0496328 0.049980061 0.049497577 0.049168595 0.048774636 0.048623783 0.048570891 0.048653786 0.048309352 0.047539644 0.046769936 0.045989196 0.045283012 0.044463628 0.043778599 0.043529245 0.043239116 0.04299863 0.042758144 0.042517658 0.042277172 0.042036686 0.04102289 0.04 0.04 0.04 0.04
0.045948877 0.045949436 0.04642375 0.047314277 0.047977364 0.048842643 0.04935988 0.049441349 0.049418218 0.049849187 0.050345374 0.050408097 0.049797672 0.049789104 0.050279182 0.050634802 0.05052526 0.050357235 0.050157348 0.049715214 0.049091342 0.048740815 0.049003529 0.048882195 0.048344974 0.048164447 0.048248672 0.048100197 0.047696408 0.047247605 0.046827532 0.047319917 0.047667178 0.048014439 0.047899031 0.047559648 0.047171211 0.047048999 0.046980425 0.047050917 0.046724201 0.045954493 0.045184786 0.044415078 0.043662721 0.042956537 0.04218285 0.041943819 0.041716701 0.041476215 0.041235729 0.040995243 0.040754757 0.040514271 0.040245501 0.04 0.04 0.04 0.039819342
0.043910551 0.043895619 0.044509161 0.045299656 0.046125763 0.046991042 0.047391467 0.047411507 0.047599061 0.048095248 0.048591434 0.048571547 0.047961122 0.047738516 0.048259624 0.048401004 0.048291462 0.048148711 0.047959075 0.047478106 0.046894775 0.046649365 0.046912079 0.046970818 0.046433597 0.046032733 0.046077902 0.045835564 0.045393291 0.045109724 0.044966089 0.045354295 0.045701556 0.046048818 0.046300486 0.045865352 0.045567786 0.045474214 0.04543172 0.045448048 0.04513905 0.044369342 0.043599635 0.042829927 0.042042429 0.041336246 0.040604575 0.040211574 0.040194287 0.04 0.04 0.04 0.04 0.04 0.04 0.04 0.039850148 0.039563129 0.039275113
0.041872225 0.041841802 0.042595346 0.043408884 0.044274163 0.045088928 0.045404796 0.045381666 0.045845121 0.046341308 0.046837495 0.046734997 0.046124572 0.045687927 0.046240765 0.046167206 0.046057664 0.045940186 0.045739342 0.045240998 0.044698208 0.044557914 0.044820628 0.045073941 0.04452222 0.043984998 0.043907132 0.043570931 0.043090539 0.043038085 0.043041412 0.043388674 0.043735935 0.044083196 0.044430457 0.044171056 0.043964361 0.04389943 0.043868159 0.043845179 0.043553899 0.042784192 0.042014484 0.041244776 0.040475069 0.04 0.04 0.04 0.04 0.04 0.04 0.04 0.04 0.04 0.039950049 0.039606652 0.039294602 0.0390189 0.038730884
0.04 0.04 0.040692005 0.041557283 0.042422562 0.043071751 0.043374955 0.043594995 0.044091181 0.044587368 0.045083555 0.044898446 0.044288022 0.043677598 0.04404295 0.043933408 0.043823867 0.043714325 0.043502234 0.04300389 0.042501641 0.042466464 0.042729178 0.042991892 0.042610843 0.042073621 0.041736363 0.041306299 0.040787788 0.040644473 0.041075791 0.041423052 0.041770313 0.042117574 0.042464836 0.042491708 0.042360936 0.042324646 0.042293375 0.042242309 0.041968748 0.041199041 0.040429333 0.04 0.04 0.04 0.04 0.04 0.04 0.04 0.04 0.04 0.03983894 0.039627041 0.039412265 0.039051106 0.038739057 0.038474671 0.038186655
0.04 0.04 0.04 0.04 0.040570962 0.041054575 0.041345113 0.041841055 0.042337242 0.042833428 0.043329615 0.043061896 0.042451472 0.041841048 0.041809152 0.041699611 0.041590069 0.041480527 0.041265127 0.040766782 0.040268438 0.040375014 0.040637728 0.040900442 0.040699466 0.040162244 0.04 0.04 0.04 0.04 0.04 0.04 0.04 0.040151953 0.040499214 0.040846475 0.040781133 0.040749862 0.040718591 0.04063944 0.040383598 0.04 0.04 0.04 0.04 0.04 0.04 0.04 0.039993454 0.03981158 0.039629705 0.039445475 0.039233576 0.039021677 0.038812322 0.03850783 0.038183511 0.037871605 0.037642426
0.04 0.04 0.04 0.04 0.04 0.04 0.04 0.040087115 0.040583302 0.041079489 0.041575675 0.041225346 0.040614922 0.040004498 0.04 0.04 0.04 0.04 0.04 0.04 0.04 0.04 0.04 0.04 0.04 0.04 0.04 0.04 0.04 0.04 0.04 0.04 0.04 0.04 0.04 0.04 0.04 0.04 0.04 0.04 0.04 0.04 0.04 0.04 0.04 0.03991761 0.039735735 0.039553861 0.039371986 0.039190112 0.039008237 0.038835629 0.038628211 0.038416313 0.038204414 0.037970046 0.037627966 0.037315917 0.037098197
